Epoh = K205V
M = 162.68631
Peri(w) =  73.73161
Node(W) = 80.28698
Incl(I) = 10.58862
e = 0.0775571
n = 0.21406009
a = 2.7676569
Date of efemirid(yyyy mm dd):
2020 5 3